-0.96
-0.95
-0.95
-0.95
-0.94
-0.95
-0.95
-0.95
-0.95
-0.95
-0.95
-0.95
-0.95
-0.96
-0.96
-0.95
-0.96
-0.95
-0.96
-0.95
-0.93
-0.95
-0.96
-0.96
-0.96
-0.95
-0.95
-0.95
-0.95
-0.95
-0.95
-0.95
-0.95
-0.95
-0.95
-0.95
-0.94
-0.95
-0.95
-0.95
-0.96
-0.95
-0.95
-0.95
-0.95
-0.95
-1.03
-0.9
-1.09
-1.04
-1.07
-0.61
-0.86
-1.04
-0.93
-0.98
-0.95
-1
-0.94
-0.98
-0.9
-1.01
-0.9
-0.98
-0.97
-0.99
-0.98
-0.97
-0.91
-0.91
-1.01
-1.24
-1.38
-1.38
-1.07
-0.63
-0.65
-0.83
-0.79
-0.88
-0.96
-1.3
-0.92
-0.71
-0.64
-0.68
-0.85
-0.89
-1.05
-0.95
-0.41
-0.75
-1.09
-1.13
-1.15
-1.17
-1.31
-1.32
-1.04
-0.76
-1.05
-1
-1.04
-1.04
-1.12
-1.06
-1.12
-0.94
-1.01
-0.89
-0.99
-0.92
-0.93
-0.9
-0.85
-0.9
-0.8
-0.76
-0.74
-0.73
-0.72
-0.67
-0.59
-0.65
-0.57
-0.58
-0.62
-0.63
-0.66
-0.64
-0.76
-0.84
-0.83
-0.82
-0.89
-1.07
-0.96
-0.96
-0.93
-0.98
-1.1
-0.95
-1.17
-1.22
-1.24
-1.22
-1.22
-1.32
-1.34
-1.29
-1.32
-1.23
-1.23
-1.28
-1.19
-1.23
-1.18
-1.16
-1.05
-1.12
-1.13
-1.09
-0.98
-1.05
-0.82
-0.83
-0.82
-0.91
-0.91
-0.89
-0.91
-0.66
-0.8
-0.83
-0.85
-0.79
-0.75
-0.71
-0.78
-0.73
-0.69
-0.66
-0.64
-0.63
-0.62
-0.61
-0.61
-0.61
-0.57
-0.61
-0.63
-0.68
-0.67
-0.76
-0.72
-0.74
-0.8
-0.81
-0.85
-1.1
-1.24
-0.7
-0.92
-1.07
-0.97
-1.31
-1.29
-1.29
-1.28
-1.31
-1.31
-1.28
-1.34
-1.25
-1.22
-1.22
-1.2
-1.23
-1.19
-1.2
-1.19
-1.27
-1.24
-1.65
-1.18
-1.22
-1.21
-1.24
-0.93
-0.93
-0.97
-0.96
-0.97
-0.79
-0.74
-0.75
-0.79
-0.8
-0.82
-0.73
-0.66
-0.62
-0.57
-0.53
-0.61
-0.57
-0.58
-0.54
-0.56
-0.55
-0.58
-0.63
-0.64
-0.67
-0.76
-0.7
-0.7
-1.78
-0.72
-0.9
-0.96
-1.06
-1.12
-1.11
-1.24
-1.09
-1.19
-1.18
-1.27
-1.24
-1.29
-1.15
-1.25
-1.24
-1.28
-1.24
-1.26
-1.23
-1.27
-1.25
-1.25
-1.17
-1.22
-1.19
-1.24
-1.48
-1.15
-1.12
-0.91
-0.92
-0.89
-0.9
-0.84
-0.88
-0.73
-0.76
-0.78
-0.77
-0.75
-0.73
-0.75
-0.7
-0.67
-0.61
-0.61
-0.62
-0.58
-0.63
-0.65
-0.66
-0.65
-0.68
-0.76
-0.76
-0.77
-0.81
-0.81
-0.71
-0.8
-0.87
-0.94
-0.92
-0.95
-0.98
-1.03
-1.04
-1.12
-1.13
-1.17
-1.21
-1.24
-1.28
-1.31
-1.29
-1.27
-1.25
-1.22
-1.19
-1.22
-1.14
-1.13
-1.11
-1.17
-1.19
-1.19
-1.27
-1.22
-1.05
-1.25
-0.96
-0.95
-0.82
-0.97
-0.84
-0.86
-0.93
-0.75
-0.78
-0.69
-0.64
-0.67
-0.66
-0.65
-0.66
-0.65
-0.63
-0.63
-0.65
-0.67
-0.63
-0.71
-0.74
-0.69
-0.64
-0.56
-0.65
-0.64
-0.71
-0.85
-0.91
-1.03
-0.99
-0.95
-0.93
-1.12
-1.22
-1.56
-1.27
-1.24
-1.25
-1.25
-1.31
-1.27
-1.27
-1.24
-1.18
-1.12
-1.12
-1.1
-1.11
-1.15
-1.18
-1.2
-1.17
-1.12
-1.11
-1.07
-1.03
-1.23
-1.11
-1.17
-0.93
-0.93
-0.79
-0.9
-0.85
-0.86
-0.84
-0.7
-0.68
-0.77
-0.65
-0.66
-0.64
-0.6
-0.58
-0.59
-0.61
-0.64
-0.67
-0.7
-0.69
-0.71
-0.74
-0.68
-0.71
-0.6
-0.79
-0.85
-0.87
-0.95
-0.97
-0.95
-1.09
-1.1
-1.21
-1.24
-1.07
-1.3
-1.16
-1.22
-1.2
-1.22
-1.2
-1.17
-1.15
-1.14
-1.17
-1.14
-1.22
-1.22
-1.22
-1.2
-1.18
-1.15
-1.1
-1.02
-0.87
-1.03
-1.07
-1
-0.81
-0.84
-0.75
-0.78
-0.79
-0.74
-0.68
-0.64
-0.64
-0.66
-0.63
-0.65
-0.63
-0.64
-0.66
-0.68
-0.67
-0.74
-0.77
-0.83
-0.9
-0.8
-0.75
-0.77
-0.75
-0.77
-0.82
-0.78
-0.89
-1.02
-0.92
-1.13
-1.15
-1.19
-1.22
-1.17
-1.15
-1.13
-1.18
-1.17
-1.16
-1.18
-1.22
-1.21
-1.19
-1.17
-1.16
-1.1
-1.11
-1.1
-1.09
-1.13
-1.06
-0.92
-1.03
-0.87
-0.96
-0.91
-0.93
-0.94
-0.91
-0.88
-0.78
-0.73
-0.7
-0.74
-0.71
-0.74
-0.76
-0.73
-0.65
-0.66
-0.69
-0.7
-0.71
-0.73
-0.72
-0.74
-0.72
-0.75
-0.73
-0.74
-0.72
-0.69
-0.73
-0.73
-0.87
-1
-0.97
-1.06
-0.97
-1.12
-1.14
-1.21
-1.18
-1.13
-1.06
-1.2
-1.18
-1.2
-1.14
-1.15
-1.14
-1.12
-1.17
-1.2
-1.22
-1.2
-1.16
-1.13
-1.11
-1.06
-1.1
-0.7
-1.07
-1.03
-1.06
-1
-0.95
-0.96
-0.89
-1.2
-0.81
-0.87
-0.76
-0.75
-0.71
-0.66
-0.69
-0.61
-0.6
-0.65
-0.64
-0.64
-0.63
-0.66
-0.69
-0.74
-0.78
-0.75
-0.78
-0.85
-0.85
-0.86
-0.82
-0.86
-0.8
-0.81
-0.87
-1.02
-0.94
-1.18
-1.12
-1.13
-1.2
-1.22
-1.2
-1.15
-1.18
-1.17
-1.17
-1.21
-1.19
-1.19
-1.2
-1.23
-1.19
-1.16
-1.12
-1.11
-1.39
-0.94
-1.17
-0.99
-1.1
-0.89
-0.94
-0.9
-0.87
-0.89
-0.72
-0.85
-0.79
-0.63
-0.63
-0.66
-0.59
-0.63
-0.56
-0.55
-0.53
-0.57
-0.59
-0.62
-0.68
-0.74
-0.71
-0.68
-0.69
-0.73
-0.7
-0.98
-0.83
-0.91
-0.91
-0.98
-1.01
-1.19
-0.98
-1.28
-1.18
-1.07
-1.23
-1.27
-1.3
-1.24
-1.22
-1.2
-1.19
-1.17
-1.18
-1.17
-1.15
-1.14
-1.1
-1.11
-1.1
-1.05
-1.02
-1.07
-1.03
-1.05
-1.05
-1
-0.88
-0.88
-0.83
-0.89
-0.83
-0.81
-0.77
-0.67
-0.63
-0.64
-0.63
-0.6
-0.62
-0.61
-0.61
-0.63
-0.66
-0.67
-0.71
-0.73
-0.7
-1.66
-0.89
-0.79
-0.86
-0.91
-0.88
-0.95
-1
-1.01
-1.03
-1.02
-1.13
-1.11
-1.13
-1.05
-1.1
-1.13
-1.21
-1.22
-1.22
-1.22
-1.19
-1.2
-1.19
-1.23
-1.23
-1.21
-1.44
-1.07
-1.02
-1.07
-1
-1.01
-0.98
-0.94
-0.93
-0.94
-1.03
-0.94
-0.88
-0.68
-0.89
-0.74
-0.81
-0.7
-0.62
-0.63
-0.59
-0.61
-0.59
-0.61
-0.55
-0.61
-0.58
-0.62
-0.67
-0.72
-0.74
-0.77
-0.83
-0.75
-0.9
-0.8
-0.85
-0.94
-0.94
-0.93
-0.97
-1.12
-1.08
-1.18
-1.1
-1.17
-1.21
-1.24
-1.29
-1.24
-1.26
-1.26
-1.26
-1.26
-1.2
-1.23
-1.2
-1.17
-1.19
-1.15
-1.18
-1.31
-1.07
-1.12
-0.99
-0.92
-1.01
-0.93
-0.94
-0.88
-0.88
-0.83
-0.78
-0.76
-0.75
-0.63
-0.64
-0.63
-0.57
-0.62
-0.59
-0.57
-0.58
-0.59
-0.57
-0.65
-0.68
-0.63
-0.73
-0.82
-0.77
-0.9
-0.79
-0.95
-0.91
-0.97
-1.01
-1.07
-1.04
-1.03
-0.99
-1.09
-1.05
-1.07
-1.2
-1.19
-1.16
-1.26
-1.28
-1.35
-1.32
-1.29
-1.23
-1.24
-1.22
-1.21
-1.18
-1.33
-1.17
-1.03
-0.98
-0.98
-1
-1.14
-0.93
-0.97
-0.8
-0.76
-0.71
-0.77
-0.71
-0.71
-0.61
-0.64
-0.63
-0.65
-0.6
-0.55
-0.6
-0.6
-0.63
-0.63
-0.68
-0.71
-0.71
-0.77
-0.54
-0.73
-1.02
-0.88
-0.99
-0.98
-0.97
-0.93
-0.97
-1.13
-0.71
-0.97
-1.12
-0.99
-1.1
-1.1
-1.2
-1.11
-1.18
-1.21
-1.24
-1.21
-1.17
-1.16
-1.17
-1.13
-1.15
-1.15
-1.14
-1.17
-1.17
-1
-1.06
-1.15
-0.98
-1.07
-0.95
-1
-0.92
-0.85
-1
-0.75
-0.69
-0.67
-0.68
-0.67
-0.67
-0.65
-0.67
-0.63
-0.63
-0.64
-0.66
-0.67
-0.62
-0.76
-0.78
-0.78
-0.91
-0.72
-0.81
-0.9
-0.93
-0.93
-0.98
-0.93
-0.97
-0.94
-1.05
-1.16
-1.06
-1.13
-1.19
-1.18
-1.2
-1.15
-1.24
-1.23
-1.23
-1.19
-1.16
-1.12
-1.1
-1.09
-1.05
-1.06
-1.07
-1.04
-0.9
-1.04
-1.06
-1.07
-1.11
-1
-1.02
-1
-0.98
-0.95
-0.88
-0.84
-0.87
-0.77
-0.74
-0.71
-0.65
-0.63
-0.63
-0.62
-0.61
-0.58
-0.6
-0.6
-0.59
-0.65
-0.66
-0.76
-0.79
-0.75
-0.81
-0.85
-0.87
-1.01
-0.94
-1.01
-1.01
-1.05
-0.94
-1.21
-1.14
-1.14
-1.25
-1.18
-1.19
-1.2
-1.17
-1.22
-1.19
-1.17
-1.17
-1.18
-1.16
-1.15
-1.13
-1.08
-1.11
-0.94
-1.02
-1.03
-0.98
-1
-0.93
-0.96
-0.88
-0.85
-0.84
-0.84
-0.72
-0.73
-0.71
-0.66
-0.62
-0.62
-0.6
-0.57
-0.61
-0.61
-0.64
-0.63
-0.7
-0.72
-0.77
-0.8
-0.78
-0.81
-0.86
-0.85
-0.96
-0.97
-0.99
-0.94
-1.04
-1.08
-1.07
-1
-1.03
-1.15
-1.1
-1.15
-1.15
-1.14
-1.22
-1.21
-1.25
-1.23
-1.25
-1.24
-1.24
-1.24
-1.2
-0.99
-1.18
-1.01
-1.02
-1.04
-1.06
-1
-0.96
-1
-0.95
-0.89
-0.8
-0.97
-0.76
-0.75
-0.73
-0.71
-0.66
-0.61
-0.59
-0.61
-0.58
-0.6
-0.62
-0.63
-0.65
-0.73
-0.7
-0.82
-0.66
-0.82
-0.89
-0.99
-0.87
-1.07
-0.99
-0.98
-1.1
-1.07
-1.04
-1.03
-1.1
-1.09
-1.11
-1.08
-1.16
-1.15
-1.13
-1.17
-1.19
-1.22
-1.18
-1.23
-1.18
-1.19
-1.18
-1.15
-1.17
-1.16
-1.13
-1.08
-1.07
-1.07
-0.99
-1.09
-1.12
-1
-1.04
-1
-0.91
-0.83
-0.91
-0.81
-0.84
-0.73
-0.82
-0.69
-0.72
-0.7
-0.67
-0.67
-0.68
-0.64
-0.68
-0.61
-0.65
-0.66
-0.66
-0.68
-0.71
-0.75
-0.58
-0.74
-0.87
-0.83
-0.86
-0.9
-0.82
-0.99
-0.98
-1.02
-0.98
-1.14
-1.02
-1.17
-1.19
-1.22
-1.23
-1.2
-1.2
-1.04
-1.27
-1.23
-1.29
-1.26
-1.24
-1.24
-1.22
-1.2
-1.36
-1.63
-1.09
-0.93
-1.01
-0.93
-0.98
-0.97
-0.97
-0.93
-0.96
-0.98
-0.93
-0.87
-0.9
-0.87
-0.85
-0.82
-0.82
-0.78
-0.7
-0.72
-0.71
-0.62
-0.66
-0.61
-0.61
-0.6
-0.58
-0.6
-0.62
-0.66
-0.69
-0.68
-0.69
-0.7
-0.77
-0.82
-0.78
-0.87
-0.97
-0.9
-0.93
-0.96
-1.05
-1.07
-1.14
-1.25
-1.23
-1.18
-1.33
-1.35
-1.47
-1.3
-1.24
-1.22
-1.25
-1.19
-1.19
-1.18
-1.14
-1.13
-1.08
-1.09
-1.05
-0.66
-1.13
-0.91
-0.96
-1.03
-1.03
-0.95
-1.04
-0.98
-0.92
-0.92
-0.94
-0.82
-0.92
-0.84
-0.84
-0.72
-0.68
-0.65
-0.67
-0.61
-0.64
-0.62
-0.6
-0.59
-0.61
-0.62
-0.64
-0.72
-0.7
-0.75
-0.8
-0.63
-0.69
-0.85
-0.92
-0.84
-0.94
-1.06
-1.02
-1.06
-1.06
-1.15
-1.24
-1.14
-1.25
-1.2
-1.2
-1.21
-1.23
-1.23
-1.18
-1.17
-1.17
-1.17
-1.17
-1.16
-1.13
-1.11
-0.97
-0.77
-1.12
-0.96
-1.05
-0.96
-0.86
-1.03
-1.07
-0.94
-0.95
-0.91
-0.78
-0.87
-0.81
-0.74
-0.79
-0.69
-0.67
-0.66
-0.6
-0.65
-0.66
-0.63
-0.66
-0.63
-0.65
-0.67
-0.71
-0.73
-0.74
-0.72
-0.78
-0.79
-0.9
-0.88
-0.83
-0.9
-0.92
-0.86
-0.94
-0.89
-0.94
-0.95
-1.01
-0.97
-1.07
-1.13
-1.14
-1.19
-1.23
-1.25
-1.27
-1.3
-1.33
-1.3
-1.31
-1.29
-1.2
-1.16
-1.17
-1.15
-1.14
-1.05
-1.25
-1.09
-0.96
-0.98
-1.04
-1.02
-0.9
-0.93
-0.81
-0.81
-0.78
-1.02
-0.75
-0.75
-0.69
-0.68
-0.64
-0.63
-0.67
-0.7
-0.63
-0.6
-0.62
-0.65
-0.6
-0.61
-0.64
-0.62
-0.64
-0.62
-0.63
-0.9
-0.87
-0.93
-0.98
-0.93
-0.95
-1.03
-1.01
-0.97
-1.29
-1.21
-1.23
-1.12
-1.05
-1.19
-1.27
-1.15
-0.99
-0.99
-0.96
-0.84
-0.97
-0.93
-0.97
-0.98
-0.99
-1.06
-2.05
-2.05
-0.64
-0.71
-1.01
-1.18
-0.84
-0.89
-0.93
-0.96
-0.92
-0.93
-0.96
-1.1
-0.98
-0.92
-0.9
-0.83
-0.8
-0.69
-1.1
-0.95
-0.95
-0.97
-0.96
-0.97
-0.92
-1.04
-0.82
-0.67
-0.34
-0.63
-2.05
-0.79
-0.87
-0.94
-0.97
-0.95
-0.97
-0.94
-0.97
-0.95
-0.97
-0.86
-0.89
-1.05
-0.9
-0.92
-0.94
-0.96
-0.94
-0.96
-0.95
-0.95
-0.89
-0.92
-0.98
-0.97
-0.94
-0.96
-0.94
-0.96
-0.96
-0.95
-0.85
-0.94
-0.96
-0.96
-0.95
-0.96
-0.96
-0.96
-0.95
-0.95
